4 355
2051
455
600
2071
54
5
151
1537
528
352
1737
2312
133
1664
452
3216
1056
120
2680
456
2311
3650
1088
318
2310
104
1122
3713
48
3223
316
1029
1545
3800
1669
616
1000
3
552
1216
295
1447
3648
2888
2074
511
712
3608
492
3072
572
1472
8
2616
3088
98
360
2618
4095
512
2104
256
421
3779
4040
2650
1025
128
1027
584
420
1031
439
2632
1026
265
1058
219
3073
40
576
1061
1020
2566
1159
1581
2066
520
516
3803
3607
356
3120
34
1445
1989
1504
22
3456
3457
2057
122
2075
296
2360
358
1219
2098
63
385
1155
261
2578
304
3640
1153
58
2586
660
192
300
1063
66
448
2366
876
3095
1608
4032
656
2942
2358
88
52
416
3784
3074
1004
3504
147
3776
3647
3091
135
312
1541
964
453
3719
308
288
27
1090
3715
18
263
60
1985
260
19
3735
485
536
1984
2576
292
2049
1016
2070
632
62
556
3712
193
4039
3777
38
2024
3201
1409
1536
26
301
3672
3463
319
3603
324
449
148
364
3704
704
3127
487
96
504
3122
1992
389
2067
2352
6
2624
293
488
3203
508
2305
2682
484
132
3674
3600
37
1473
216
2582
4041
2111
1120
968
2622
493
3728
257
2110
836
3219
294
320
200
20
129
457
3611
326
3602
201
3585
2880
39
7
3200
1509
24
2050
1
423
311
55
3079
1477
3593
2054
2304
1024
1408
3591
1665
3090
2367
532
2648
72
480
728
195
436
1544
2936
2560
1600
1479
2313
382
380
56
892
2886
2359
4088
44
1217
64
3785
2064
144
36
264
640
3207
2072
4033
3610
3592
131
2568
23
388
1736
3656
960
2103
2048
432
90
644
1728
3731
310
832
32
262
840
1152
1157
376
1511
1729
328
16
391
45
2056
3706
9
1993
2584
888
3075
2096
568
3511
872
2626
384
4
1440
1415
3584
1413
2562
2029
1640
2106
4096
2
2102
3586
3587
2055
50
1576
3642
