5 6942
53744
143877
144128
655682
61963
217344
40970
451083
722692
61152
724740
207617
786439
991296
35592
36904
560844
34968
856100
221184
803959
43149
984132
665344
520224
49194
873728
55802
36860
334080
524803
64384
597488
66880
82104
917508
397472
172557
597764
43392
2250
356720
389130
8961
656448
591468
71056
560380
172290
331888
53408
65297
43210
1796
917602
53392
1013511
983538
459265
61456
409647
60079
725760
48000
4208
132868
33264
268532
1003632
130832
919044
278624
207616
290866
197377
174605
43456
450731
7952
55480
141056
802930
112
6656
2296
87312
393732
264197
39152
1396
3980
528077
983138
16632
803847
2731
8068
995413
66768
57355
7556
409638
872690
560335
104
278770
557073
786510
868464
942607
594036
135936
16610
789583
1548
16550
278694
344250
984135
45264
667205
134793
81920
3919
993029
483330
987152
143361
131587
528064
8715
933889
12104
520195
2126
102640
262255
134799
122120
319499
2832
526199
984175
290867
76032
20598
721412
483851
450607
52376
130960
852464
49037
94224
268372
729044
769805
51424
49154
525390
589936
457387
70
35584
591428
700096
196352
282626
524404
266256
487971
2544
78080
659269
40962
659205
988416
136960
14080
205056
348400
664064
5456
67848
6320
246
44808
35853
200601
919119
984164
45456
323601
66032
4
1013504
1000694
720964
43208
52377
172555
206592
458800
855550
278630
210704
4096
630224
32818
984647
311456
71504
724805
3320
17648
61443
1044735
313584
72960
409603
786532
36864
933991
172801
33154
11016
214017
527630
329994
593884
82960
1524
1000449
68024
55306
135168
557825
96000
139789
227088
389136
57864
325882
528212
989012
525376
20736
722768
36608
198401
55562
65840
278634
999168
80128
984438
524527
664323
528133
53384
3656
992769
176
132109
432
319523
52368
853104
9736
389552
528349
737024
853108
3000
178953
591680
36625
262213
36316
655424
49169
983808
697091
172171
74048
262399
113048
47576
41344
11781
455203
272395
3920
733968
466945
262258
192640
665413
49160
487682
258320
995141
921103
594436
132871
112904
16608
16559
73680
557600
174849
868352
589904
381362
2512
856180
63648
278646
721232
1007663
311534
765969
401410
64267
929295
455183
991233
737040
696335
8205
593920
36079
1045007
454827
1003522
524398
129456
241817
487936
315632
595728
43136
766173
352298
656900
990992
803055
244624
524336
983298
24585
13
471312
172559
61480
667469
590956
35056
4260
397824
53498
3544
35016
49320
188416
61688
3224
389296
16426
268292
10251
399876
1012496
317690
528336
527374
6224
520448
1877
1536
311338
3396
43904
995072
195215
595316
2064
67168
919111
57384
313599
262178
127744
174985
286720
987440
102832
520977
49326
262160
527375
262215
49184
560145
729088
872448
1424
213001
383242
918535
86384
105936
459536
57576
64273
45581
729165
39584
278768
59393
786544
63664
1040
737104
925775
319490
65720
151686
290864
594464
36876
403979
1007655
69744
523
868454
786501
205321
55736
244480
520242
8263
488209
838911
278774
983040
209168
141837
987652
3580
57482
905248
804086
32992
49304
2720
348274
1044720
352258
32800
61474
44685
340224
917505
172545
3136
64408
656909
142
35008
155655
192513
37248
157199
525893
43535
525073
417839
319522
524530
401923
131087
974849
78160
725008
2122
655365
656896
766416
317600
102
68048
49049
36361
43529
102544
32819
983125
226048
1048320
20642
317680
16398
520193
327792
3852
8144
520960
24619
311306
80656
1276
313504
138
147458
560332
328178
16527
995664
86320
73200
55680
2269
557059
217488
3340
838910
984310
591104
400036
16208
459186
819
327866
41097
664071
733189
242177
475184
51448
49338
227089
73168
851972
122112
409615
56704
262314
35728
174593
73040
381184
225552
102896
403973
17423
224
139008
35992
57519
7
1032
172033
32780
63658
1011713
66928
25103
720913
17424
2053
53250
851968
1009153
313519
8203
56720
29443
325818
1132
9989
131209
148486
104952
1350
8080
934913
8707
935015
24584
524508
696512
319658
665165
413696
525648
2292
917506
131585
2506
454816
65872
856176
315440
39184
179081
528333
667151
525540
119088
528204
66352
212993
852064
105232
1003762
5460
65289
43663
1045251
261017
626704
523184
132233
560141
3412
729152
258
131072
787520
64409
32779
43777
44559
722757
16390
71440
726868
665408
721924
3332
113424
525684
57345
67056
47616
986949
195200
137856
5888
315568
94240
852070
525825
32808
1004816
594288
471824
175616
933920
8271
457231
467456
524388
129528
1013520
278698
203520
39680
455200
421895
401408
35002
193027
983106
6400
422401
422403
475147
132609
20518
934919
526165
417794
593664
590288
270402
241665
997200
722384
525764
525517
984166
262254
560142
3086
14848
984400
57867
942127
55690
57512
527884
984308
593728
448
918599
459571
988432
626688
918019
525382
313568
1793
139271
2696
25120
868594
45440
76104
983856
527612
192515
722688
147595
467712
111112
872704
655552
983057
264270
852996
80144
33324
512
12801
47104
10240
630528
804070
917507
526084
520704
35981
729857
53488
262218
209408
421891
590592
47757
319488
188931
664320
990976
483362
40832
131206
557571
3284
36296
143
1472
1360
244489
311522
102400
352256
852210
1045024
4368
787535
528332
852208
597760
61455
127128
451119
7568
597460
131330
33232
264256
201488
65688
2298
14081
317626
127224
557107
2222
29457
33168
32782
317694
787694
520208
61616
2288
9800
520450
768
856304
323839
983047
590348
38
262330
55466
803846
142848
175885
786656
53256
57568
258064
278782
60047
525392
205313
315392
2504
262180
595824
993093
667456
32940
3216
63626
39320
802867
3968
1520
36736
869616
325819
1045027
942595
984388
348210
82168
72592
262250
16480
393731
111104
323824
463152
356354
995136
94208
313354
59624
59616
917536
113560
664321
1011826
417807
393218
1263
557057
134656
4640
1044786
724736
2116
590964
857584
524804
16523
803056
6816
258833
204688
1003570
64139
872498
47488
272453
159751
49153
984149
327746
1280
65536
3204
335946
61936
32776
869472
789568
278690
999536
3857
984640
593924
479282
1604
594468
524532
974895
721413
697089
278535
132230
1011762
90216
732928
667215
40332
26127
729093
147593
36489
524509
71024
391674
260873
41098
1033
49386
8717
983825
35343
984176
51344
344114
983555
49199
313360
327682
62225
469760
560912
667213
3288
73472
921093
1232
330064
53390
656967
332032
32976
208896
17408
67912
62211
36544
934927
591728
2212
69456
62209
130968
262144
2480
14592
39432
68016
527361
734977
1142
3653
659277
1009167
983284
29191
135172
221
1048336
527948
41487
21878
213136
595200
313515
393223
200464
401935
734981
35052
590380
64128
868386
852004
591088
192642
311536
230
56816
591344
65632
172035
57487
64015
4528
45520
3480
282864
918063
659136
987216
458795
4056
36908
24672
787680
730701
659279
147584
53290
872454
921312
663555
328114
114576
51209
984079
999458
52225
44936
63659
272399
984644
560876
261905
59520
234
258057
393263
696578
3468
873734
853332
11855
724737
1000550
35468
734992
129424
37040
2825
463120
722445
40971
178816
6660
131211
35256
61071
655361
55482
462848
74496
597252
975361
983587
17542
984134
787700
593360
131081
4060
327760
3972
853088
262210
52233
527439
105368
927233
311343
94576
2252
789584
391664
55696
278639
527376
984839
656832
405505
323594
319648
975087
71936
252
43019
700111
929280
39808
272394
51200
278754
2058
527873
220
722509
803070
102672
278778
786530
16
69584
483329
313355
454703
593404
525107
49289
547
67440
34976
524836
560638
16423
206336
655877
262386
315442
995344
769792
786672
721408
663874
724741
208912
36812
315642
524332
91752
1088
16503
733185
33315
323755
64136
311328
453295
199568
3720
40944
63736
786483
2314
855300
3140
766736
133760
65576
380960
272
528197
984903
16520
473872
835826
188417
321707
730629
65295
467457
12037
2573
141824
593740
2272
10767
787456
589836
488208
53282
102648
853364
207625
2133
999441
725248
197776
8264
72976
787696
105944
131456
44749
192128
70000
193281
70992
983408
2817
35341
77576
348402
393255
26216
242449
16526
36240
55688
3277
9728
138112
195209
3208
919108
720981
3214
35054
264207
44
262155
44813
557072
315554
983055
525903
786517
60943
525567
121328
258192
72624
787574
737029
525325
987684
593680
1044480
264431
450594
35200
663623
35771
130824
655367
3780
527564
983090
393220
2190
984951
192655
3296
2953
726800
933990
1231
151682
1000560
787552
787540
315406
3304
38928
665103
525519
5380
68864
94992
264363
389362
789518
47240
525072
655558
3791
148489
1861
49186
53298
4228
133645
868400
102864
313514
593956
1003776
209665
925760
560588
35720
16555
3272
2300
3326
17561
458802
594704
413858
804078
16560
380928
3576
462880
39564
270339
1011744
855312
40952
656640
16546
175753
2201
16434
590036
49322
983088
16488
557569
55800
56576
57481
450571
319531
66664
16386
1036
330000
726356
658949
560636
68528
591060
1044992
1004016
905522
3984
132864
993024
656964
557314
69
983152
991751
872818
55546
49406
1613
127232
2052
196495
175625
17632
105744
39132
458754
926215
24611
721989
721104
721168
1012016
525892
10249
454667
36559
36828
199424
55448
919104
589940
40961
13073
3849
51328
328176
132
1104
1044481
700161
188544
327776
9737
389426
655364
51214
39120
110600
1545
524815
57504
39408
327858
53682
789728
3909
37264
722244
487939
49187
7504
905218
63624
134027
331776
2186
139781
4272
49339
270338
487937
3983
7508
471040
49033
133643
328002
4045
380930
102416
933984
722132
8960
331856
51386
313582
264442
595712
47624
32815
143365
733952
176137
69936
2960
595284
41408
696525
48904
2320
36061
63641
409775
663629
395781
272385
525636
421890
17519
1344
786496
16502
49296
786670
1044736
626908
40412
69872
160263
658957
262382
942081
67984
323600
527365
10255
5620
35023
104944
459521
999430
975074
52241
451104
560864
64392
63672
143113
557296
278638
61624
1003826
59919
32984
417824
36591
593392
598004
260865
147456
323586
389152
528145
61696
40924
594432
8207
721216
984160
76
102952
16391
655680
140807
35465
988660
41728
483841
1222
409639
458939
160259
401925
43661
1156
905216
1012231
114
789521
313594
34827
591092
67840
262378
557520
2378
202
37136
179981
315634
49400
32907
61568
380962
33022
520736
242432
389554
974850
7552
2056
722433
36110
72464
943719
69104
77568
454656
520368
63872
2188
319714
239
68080
344106
32921
61450
467202
1224
47368
176013
261888
8512
311342
983559
48913
105968
591732
527568
49166
417827
908560
319530
921167
4144
594160
59563
325642
286723
72080
334160
61592
4092
6304
315394
726276
278530
525839
1048576
527822
143360
787524
214016
3981
44992
282624
16638
65792
3278
244481
49024
786542
80208
57344
722500
4304
853076
665157
557872
242185
146176
933935
202512
69592
557580
5616
525888
25089
81960
525328
264260
787695
24680
730885
450562
1012256
983056
51338
986884
32944
131075
1284
103184
557875
348656
851970
789758
35224
517
102448
118
16385
591216
9797
334320
225280
555
919109
3342
917542
16494
664067
381234
61065
313520
35071
47105
789509
43144
319663
942631
5376
264202
83096
69624
311298
20850
524384
988420
268448
3080
91656
659204
328016
16213
2565
933927
524496
49280
3310
917734
1
36808
525824
132105
133899
201984
327730
119
52478
29219
317610
222729
520203
17544
918532
79696
520976
28674
55704
925696
730944
929281
61441
197785
655556
113416
278758
406016
855540
656461
282800
787460
119032
6352
186
272458
525568
525326
656463
381170
200704
178697
918628
1100
196353
344112
334096
992832
524528
179072
488192
725776
36
455211
43147
2824
49161
786449
590128
77632
36365
999666
52224
995077
37376
20480
35328
1000465
132612
524372
560897
856096
142089
2699
2
57583
2561
133636
132352
786464
29184
14
872482
784
905520
787572
270337
8
79632
2560
595796
61440
527877
39296
527556
134917
656131
560911
597840
721988
66712
835630
70064
161543
103216
8194
528144
344170
525808
16435
132358
656576
330170
3151
1044515
17646
43464
853236
853492
131843
33295
36880
1143
417793
40975
47625
166
626928
724800
32942
74248
3788
286767
10
453291
35980
60937
524543
325807
262187
29491
12045
787710
118792
175872
53552
264426
39552
984896
986948
155659
590860
659151
803071
627472
527680
214032
590944
557504
37168
140809
524322
527820
729408
852002
40704
802862
8192
121264
917504
905232
667405
55568
2240
933923
36344
278579
90144
119056
65408
524738
853254
2575
917604
61576
51360
2120
264272
983159
218384
471041
132617
527440
857348
282742
593372
1003536
104880
141
459008
33281
1414
766737
700173
136576
6272
696321
264430
667149
984064
10241
172544
35064
57376
11009
987952
61953
49104
69648
33016
422407
311297
1093
118800
2724
853312
997121
34990
557069
56718
987184
462864
262244
245504
114448
73984
142080
1048335
86512
212752
381106
919045
6528
352288
327920
142863
787457
214160
1248
48016
665095
2490
20864
999462
16392
997120
593364
145925
264420
325633
59562
3472
3073
2200
278534
174729
389424
659264
699917
47117
983045
132097
140033
262186
36094
212737
384
29216
20608
262146
204801
525632
6148
389616
217104
156161
1000463
2944
559
984069
852034
20486
1009159
3081
697088
3725
991235
81936
139777
999542
17409
290930
40
45064
524500
160256
69712
3003
344096
96016
595444
59530
36620
200448
204800
667392
527567
178689
787567
593156
61610
264446
32939
557102
68
195073
1540
159744
202000
593396
787473
155648
1007618
172553
997125
983599
45577
69392
133647
52361
262260
983360
8016
1161
47888
317456
471057
36815
1904
2125
597332
65288
991744
397828
35329
997137
1039
226065
905470
61995
191115
82016
134797
311311
918021
205
270343
1044995
984676
869390
72112
524805
212992
722437
102408
319491
45825
208
41088
722128
131591
528205
524396
873846
43016
61824
102800
984849
325808
51384
519
925698
40848
20512
51211
589840
278574
409635
917575
137984
12101
319727
853094
70176
786548
459267
525423
765968
3548
37416
591108
934912
49402
248
221696
51375
335872
213145
853318
803936
391610
451115
802866
61840
659021
5584
417795
1009248
225297
787470
64
43
488243
131593
66080
198417
64175
64000
311466
458787
61167
321775
57359
76096
44736
323587
338186
119040
127008
172800
664077
41410
524364
131078
999425
925762
984848
454671
35760
244497
919151
1012080
10253
131589
802914
975395
2189
192523
17510
7056
16486
152838
24583
475153
838656
67344
105216
139273
217232
33584
323599
520464
20848
453121
81744
35464
560845
16128
12096
560143
627244
995151
2552
855380
204560
262195
156171
127152
451075
984336
61577
766160
278706
455179
348530
67328
65680
131599
94256
921327
992000
1012531
26208
722773
993088
868470
53504
122352
60032
721664
1037
983588
984577
41103
43466
44672
131588
461585
35471
1165
258304
205569
594004
268368
141839
2264
1008175
528380
595216
319650
786470
630032
266244
595412
735056
935008
918631
487440
36556
2180
1216
262229
344176
43787
393391
852992
1109
270410
9805
131597
999472
802863
61744
403983
999543
57391
766721
852288
803942
35082
991554
41165
527694
344160
313531
395780
262308
131056
35593
720900
418336
986959
630780
3400
475170
1005046
520235
131215
139012
49328
730625
475152
737025
393380
86272
589920
983076
872496
39312
992768
47248
525812
789573
12293
325643
95024
152
987648
36360
262176
24610
852046
786678
193035
264378
733969
105872
986960
262384
356610
2456
264379
43785
63754
36288
1364
11845
17550
919040
656391
328048
16512
1003888
156163
1005040
656452
417826
78336
524338
32771
1048337
311331
55432
33327
835599
37296
786674
76544
655565
905266
1004806
728836
187
20726
161537
176256
36495
36095
262322
57856
35585
589900
286759
467715
286816
987120
335882
67136
557260
589872
47
526148
35312
786550
127216
164
525766
872720
159745
73552
943712
591100
33216
112912
113408
589856
147590
393221
560129
987632
315552
16490
319659
656129
656128
196608
802830
657216
488240
917551
36616
66776
475136
659200
12288
655618
40716
69888
35288
787702
1048321
726288
1254
995329
859636
983376
528335
147462
262388
225793
356368
1011719
383232
12373
386
262149
338176
852226
868450
3924
1244
1045264
155650
290832
409766
26112
459307
802851
1551
134671
802919
29488
835587
29456
722256
16145
983143
278575
52352
134927
268304
483875
36552
2254
6388
733269
855360
658959
525319
450735
983136
526097
393248
1095
191113
282738
127024
2448
10053
525686
180105
106248
217088
1012528
469761
872566
933926
342272
591436
41731
853060
63744
557263
35
69448
1011728
242
8148
72016
917606
557261
463280
348594
943623
270346
918534
55456
86016
35258
983154
656385
471825
722689
1544
9985
325803
172175
311310
286730
591056
852336
527632
905262
12047
2952
195087
36617
1264
178829
65544
380938
29441
61698
857428
43146
787526
663567
14341
33537
770013
81680
35968
86416
665351
527360
188555
134788
520705
925703
557360
525932
3589
338240
524610
63743
195337
195083
487441
925701
655373
735061
527870
323584
561117
320
53422
214169
137728
589892
413698
43213
2571
999426
548
53378
61584
765965
2124
195339
77
525518
700160
466955
557581
454691
315408
544
488193
1008135
655439
527614
905712
557248
527584
262240
918051
3789
209152
597968
60043
984645
24682
3597
140035
51440
6
24618
1011984
663553
8199
721681
36064
33266
155663
1008160
131328
192898
3784
110864
475138
525574
35737
1000559
25128
20594
409760
16562
2312
264196
148495
53434
1011824
988500
479536
35070
984576
1011714
65528
323826
278570
984687
8200
395940
33218
4061
1044531
290848
989040
176384
589868
458768
262256
933999
200592
1008128
527364
927232
49305
16624
471552
356722
520715
53432
45328
33202
274449
75520
36749
25095
696847
857456
1000688
525389
262247
524736
36584
395936
57888
667461
525312
557583
25123
148481
594000
278544
590852
389618
659012
733696
105976
986895
61160
188937
591700
262374
41483
527588
659008
317440
24586
983108
996097
323634
422435
527885
28689
313598
175887
835823
286722
9
9991
311550
525056
44937
55544
114440
409600
306
869630
16399
557328
520209
282784
520227
319535
59403
17662
983811
630544
6928
36046
311312
262370
49330
122128
57347
986964
33040
393250
991749
75336
525324
6640
193283
134016
35467
198153
28706
85
527444
313359
258065
69080
35216
57514
57378
1908
1041
304
207
785
20880
524301
133769
47256
266400
194
1229
4036
2520
16634
32781
49323
61960
48025
35712
2700
110
20752
381178
1286
524292
1045248
348160
37384
405509
3585
69680
657221
992003
262242
65776
141063
528192
69440
330234
32912
469771
86192
560367
134660
61615
2062
726788
317616
1639
41473
73736
241664
9729
786543
696527
41480
475179
786448
560384
919041
487696
264192
45007
594128
995087
732997
391434
151936
35322
172173
593904
278578
2187
1608
487680
254
984436
458755
459056
51353
113104
1278
262214
52239
458930
524516
139267
16554
983119
178688
36761
560604
524594
999169
40912
180109
3977
626896
942639
451073
135053
984672
986880
395777
201472
722260
16639
49048
129792
47568
20738
32769
560832
62224
62208
35488
336192
393735
274432
105224
37000
47241
918639
527684
129280
53520
657152
655873
995328
61483
197008
37072
1012483
4052
71952
36300
258569
789508
560333
211729
59915
983567
132096
36112
527372
17552
853252
86160
118816
528111
1134
121232
663554
3808
63992
37388
28786
132101
49198
528129
66808
527604
61570
39352
991747
597844
196752
786434
560640
6356
206345
8705
593732
421920
987124
1799
5520
381186
389392
278702
786482
594736
106488
14849
196367
78
226
17504
264203
122256
40856
560364
730637
35021
1045299
32802
525566
66672
278576
35072
557603
520498
26119
142081
73616
145920
47753
51339
656644
1008163
765953
10048
96
455215
282786
724820
86256
14353
943727
918528
525408
20592
479488
139140
453120
933891
41101
64137
919140
802818
82096
524367
627212
917743
1044722
594132
86288
918630
835635
197904
1270
32784
10319
16416
984390
35340
663559
1003760
1012497
264416
278560
39436
479248
36353
2368
525397
560334
47872
594688
33291
174607
852048
525415
471808
69008
160000
926209
515
106384
39088
241680
65423
7040
720976
987135
655375
278752
174603
399872
134669
995841
36752
61482
1124
557282
2384
59392
143616
852018
413862
133889
789582
991759
33018
286731
47873
344242
381114
389378
804080
21872
483843
356384
524399
180096
934127
656582
179977
991301
7632
119184
43151
9743
66816
2968
725264
700109
134913
45005
389360
313361
471553
787463
2059
524352
838671
39084
278539
335936
61472
524624
732933
212
225296
61746
3268
47112
84
733456
36348
855296
524544
90208
786551
348162
770000
43520
78096
995840
3327
397348
118824
209664
421927
278543
413728
852212
39560
52367
1549
918598
200720
984319
656455
132484
35503
32911
48009
3916
557827
48008
7664
527572
78608
311474
450592
221705
40440
36078
395791
1048560
63656
527598
526080
1044482
524390
1636
15121
1011712
527949
113112
802928
983584
397476
63882
11853
321547
2280
917509
983552
524514
32952
53262
991552
393217
786662
24576
3584
193025
52463
102440
722388
729344
148614
995073
14096
9799
344178
70448
851982
16133
3648
557554
61448
206593
352362
33152
35499
525558
873974
560368
524406
450563
557294
32970
3308
63632
203664
561088
413730
3148
327794
278566
995408
984591
57387
525927
311520
656580
525430
418307
325792
852068
802848
28928
816
61602
321537
20722
655426
1008129
43023
131079
524291
32972
853366
984836
983286
942624
765952
25088
986897
868466
258817
524334
918758
835601
40432
942119
524400
560336
699904
282630
35210
479264
591348
524658
52360
557298
520194
527429
132623
61490
557068
311344
804094
106448
24579
72448
286831
10763
2128
34991
4100
483883
995333
520624
132869
34953
192651
52238
40969
356400
188431
51368
36104
142861
35721
869392
49394
4080
983591
872562
524512
35022
527887
991056
984324
1012263
8713
33000
28944
36367
311471
160257
524357
393739
803952
322
983553
557103
726864
156160
143119
81952
36047
525317
196
393775
835839
590160
3841
3724
455169
789744
270400
589824
195328
527836
3582
29187
853360
7940
726480
593872
729157
78592
520739
451072
46
356402
659149
786478
527445
327922
148617
20528
188553
2049
381200
264208
458784
3276
853070
4047
730949
32928
1102
8201
64009
984070
290833
41162
132615
192896
988496
11017
525420
36048
36238
83192
37016
655428
276560
984081
525828
45840
52366
37032
26120
5588
479666
17512
155649
802850
838894
209681
195072
225536
852290
148623
41099
139136
327728
129944
838670
557292
157185
39080
57506
524320
34956
769808
630236
33536
39376
69664
729101
1044514
151558
147599
32812
311483
2833
766465
327938
65752
28784
16487
132865
71424
590608
557056
3536
984080
221185
655429
90152
525316
65424
69072
59552
524801
479280
988944
8719
418347
852080
787711
258048
16522
525836
525837
3976
196880
10245
175757
802831
61475
151680
202496
917573
852014
475323
40844
4864
528068
593908
17545
126984
1000544
35208
57483
32968
1140
36072
35036
855364
721937
127016
47744
1127
933922
3776
40968
146177
1003568
3904
315570
721936
465840
724821
242433
278571
35264
147200
286752
131841
590928
47376
132224
147459
838880
393376
525318
1003554
1007651
7440
139275
524303
40208
872946
999463
626944
664079
721925
32955
3908
336128
905264
1045296
921092
393254
524486
61682
804064
20640
983557
917568
528372
724749
3912
70912
524366
1012481
39416
30576
55296
528196
264436
454657
28707
278626
722176
787559
5392
133775
560400
16616
528141
406021
126976
786435
421888
71536
110808
667407
984304
60936
245513
278538
104856
41096
557104
1007648
856112
1167
12560
557058
835822
42
525329
869486
722772
17656
24616
129936
487475
65616
557841
61611
630016
43531
172
25127
28723
290817
557090
43657
730624
214033
38920
1176
111360
659407
434
290928
244
264276
397312
630736
45272
990980
262212
122360
36493
657153
36744
917574
262228
323746
36816
589932
487458
520240
1240
315424
81664
14853
857460
12111
28672
659023
590916
659268
44557
409634
36108
35595
59528
766477
160515
26121
1398
1012259
106240
473873
454658
152960
11791
64001
999440
91648
315434
984326
3917
1044752
45200
986885
917730
157191
655879
16496
868462
381426
984148
57480
45000
918543
51
627456
527552
983312
872752
111056
726784
49203
659392
524402
274448
24674
466946
222721
524356
43656
769809
560320
696323
803058
81928
918607
696576
479410
48
450561
3532
278531
45824
853102
984167
196617
987380
143872
479266
64011
787534
35768
3215
36032
41167
525431
36248
590912
656973
591120
525920
591364
383482
278704
57896
66640
3072
3156
917510
34957
593216
8514
665349
21760
41481
590640
86448
593744
999475
74
147467
929285
999538
262147
720980
131840
48897
155657
461569
24577
520192
63497
526149
105880
527868
43648
132111
524305
3652
176000
36624
4560
43017
787462
260881
34828
52456
16626
64432
132228
4340
106256
96112
32960
1220
57353
20514
656646
4224
28720
368
3592
657156
975072
721152
422439
987920
35854
722756
1007616
209409
803950
473856
147205
51217
995345
272384
53426
332016
16630
3812
32768
57871
40444
528324
397316
256
61579
282870
527628
590340
70032
36896
32909
2688
455168
110992
2127
266352
244496
266320
479490
43400
113040
143873
856400
560140
35456
789732
1011729
984900
991298
94480
286754
174857
925699
39696
210705
135049
1392
720965
161536
311307
261897
917511
663552
527
35037
76552
199577
872944
132100
49312
188943
401411
311546
32803
988932
393252
174976
595204
221193
520226
1230
459537
789519
132480
241681
527428
983046
409607
127280
590864
463664
21766
49117
656710
139277
339984
869488
451087
32811
272448
14608
802832
655808
656388
193280
172043
77904
473857
16498
36813
2969
311313
10560
262150
802854
16401
560909
926213
589828
218512
80
1044738
589888
786512
667136
191104
13056
766720
34969
855536
30480
696845
66056
459520
81968
6004
835584
656708
1488
15104
35993
61593
332112
983104
656897
264368
36912
789520
127248
270351
49200
64443
197129
1166
2732
116
60040
730880
63738
16495
262263
991490
381168
61451
724944
118968
984384
667397
13072
47312
131077
323635
984068
71120
1000551
43402
178825
35983
188425
418319
918031
327696
64264
241920
17520
8963
151938
557088
520496
527936
32974
65936
133773
171
176640
405504
179968
262383
37036
55738
136448
53424
393227
591168
16614
34958
590848
857424
696768
111
68056
139522
3085
458763
172288
590032
264277
659213
3534
381232
200960
197376
278703
41346
71
61442
984133
139269
853062
413702
64257
36232
53680
868592
417831
458786
336194
726272
278767
331808
36040
262315
49152
139776
905714
872816
134912
487474
8258
278567
1024
3225
34988
389162
35336
1160
1044497
162
264367
278563
274512
520
983120
724753
35050
195081
43915
802864
528348
262319
94752
135055
262145
51454
984183
53496
978671
987220
983346
557070
188546
136452
525327
65432
657223
34954
594164
856064
859408
974880
589908
59631
24615
45209
319520
984320
69904
63616
196361
656399
8176
45065
2208
278699
1863
983142
63928
321770
525388
479664
51343
996113
5
14160
20658
591316
918016
983158
524784
34955
395787
590080
2955
55304
1044784
733953
380944
211728
134657
935142
20482
340304
73104
21904
655360
905458
381104
561148
524812
853316
527437
524839
999248
6480
696322
1000703
102608
526192
525552
459568
975392
921316
729613
524786
262194
208640
3470
172047
39072
524546
4592
35339
560847
20496
591684
1013616
852466
32810
40400
20614
1092
1000464
332208
197121
3076
2564
53294
59913
852016
40963
393219
8202
26113
56584
984901
528096
43533
927296
87296
53554
311535
942191
141825
927303
321711
475139
53386
134916
700365
44687
65552
37116
1809
129288
10504
33292
657159
927301
656965
140800
984679
67072
2816
667200
590064
524304
29040
61987
105392
408065
771
315562
1647
868354
21888
934114
729856
37008
524540
527951
993095
872694
696832
521008
49327
528108
1000454
2176
323771
327930
94976
466947
311458
36609
268464
41152
590368
76040
838672
2572
131584
325872
278631
409602
984432
175744
262224
984182
317614
856560
344064
528100
1808
722000
393733
853006
45841
211712
190976
319498
4400
65640
36060
722141
3149
90632
118936
974863
4112
36751
47121
524494
132621
422432
724996
418311
2218
527860
348272
327856
63930
835838
196864
35600
630256
204
665415
659405
802833
63984
4044
2276
118960
487730
942592
5892
49202
14085
802823
7088
49392
49314
130816
200457
656390
2216
260864
528383
53506
927239
63631
40204
454699
989044
467200
393259
323618
3077
999253
17
16430
48909
527377
852066
327936
409762
188928
323759
1011970
9792
36557
725456
1605
999670
131204
3712
327986
45184
35003
802819
327984
2048
1236
421922
311530
593164
733440
65744
525396
656454
400
987376
786511
590372
348338
63880
475171
106
148487
516
68504
133764
348194
987136
999526
20646
67176
4496
176015
999522
278528
524373
172416
9741
17414
67904
593220
627504
471296
3848
51432
26223
311346
315426
268528
591068
3456
86032
10570
1011746
656453
64256
178944
328050
327714
942112
40720
319489
458803
33006
557311
69616
3088
129520
853072
228
655431
594176
39052
172032
131085
135424
391440
40344
56830
487426
32816
593968
327778
383472
35248
560352
935014
14165
656960
942627
110736
262368
24679
36748
393743
141835
3392
41485
132102
869622
988656
527808
59905
856308
15105
176265
925697
918023
33072
39688
66624
593168
8269
61064
463024
983362
33587
722004
53296
204809
409601
61938
147457
528140
270405
724957
25097
33283
44680
68880
110800
197648
131076
348336
560398
983295
44815
10248
45569
176269
733005
28679
45312
528128
66
208897
6228
57474
16558
401409
734976
262041
593916
356352
397860
1348
3663
3925
74240
383418
66704
1543
20656
131200
1003792
999424
14672
112896
1612
917538
172162
1003824
49294
266272
49163
55550
49032
1103
835824
105400
467467
60064
991311
51208
45056
139279
36364
61952
2219
942114
172045
872486
258049
659396
119024
102656
3855
9735
557840
33280
626736
524359
261008
1044528
45072
525814
37408
16528
479504
803854
258832
3150
262331
38912
4464
524480
459275
475187
65433
34833
789748
3344
55434
44744
7936
918624
933894
106392
262222
172803
30464
393382
1279
262306
61608
61967
315578
999474
51439
525680
2255
39596
242064
311339
3157
20866
720901
172041
868398
127472
102584
66896
315402
918048
859392
722501
82160
4084
720960
10568
262161
60928
12304
264271
32946
983042
525313
34959
593152
524484
313358
992001
557106
389120
725504
851984
10304
79
663631
720909
33288
983296
321551
313518
61491
659140
342352
1011831
144
917519
7636
344080
389298
942183
132608
789572
872706
1007714
264266
66560
65808
332144
59531
121240
1044495
127488
195467
278640
34
4048
188929
290855
1009263
344304
68936
2112
733201
311538
868598
33552
122264
524293
991303
83184
525422
527581
43274
129464
32954
63760
8180
943617
724752
193024
498
59560
803840
34984
17560
127496
983124
16622
51337
459010
133888
147465
36236
43021
656836
655363
3596
696835
786466
30471
262223
51215
147463
331824
34830
53416
34832
696833
659215
591456
64395
853232
992773
560590
140032
198032
114640
80640
802816
323754
1004018
593876
1004918
213009
856432
127792
483360
344098
262182
524386
40320
200465
192009
2253
12033
933986
699919
264362
1272
803040
330224
16400
8020
66000
454659
917583
64168
176653
6384
67392
68352
4095
591220
852338
2234
35736
344066
466944
401920
2284
47504
66576
1126
323762
591360
53632
208641
835631
1008143
525516
3660
934112
595440
525536
14097
5904
1044527
20912
63496
786447
408064
157193
657220
35320
590076
90112
525414
278783
51352
1045265
2063
525556
1044993
35018
2220
118832
803856
69776
35032
728848
393728
525542
3853
282790
1541
127520
1177
465664
527812
65568
141061
67408
1228
327754
59567
266356
2260
82032
57865
561101
1029
276485
729089
786660
278715
766224
987248
984566
356608
988928
327690
327952
665101
789743
36352
36856
16514
35272
245520
527700
591372
28673
1478
11785
389170
69376
852052
802855
141829
44751
28675
597328
995845
32783
40973
804079
175
278642
129976
527616
3568
61999
789505
70096
32770
626992
483339
33002
47325
397344
471809
591184
43776
121336
36045
1136
160512
525551
290818
66800
59626
655616
264193
40192
32778
130
852038
136580
721665
724813
66832
984944
44801
12800
786471
560913
852304
36302
225281
66960
49390
733184
330160
10753
33010
852078
3572
722180
786433
868402
159746
139
35976
733697
2185
1640
17425
37632
44941
665167
113552
525104
560383
127408
461568
43215
174848
170
196625
17647
996112
591312
63663
152832
36096
274433
557277
984948
174
835808
905250
17518
10752
524324
4032
12041
241936
61712
3200
131073
984144
56728
286721
90624
270336
1135
104704
157184
475186
591616
992783
918020
590144
856144
471056
205312
41729
984916
176649
12305
655554
52472
151808
859472
328000
659013
49291
984833
36829
245648
222720
77824
9984
274437
344074
525412
1011715
999459
527941
59535
450560
192137
63994
3524
176896
311482
561103
342288
590044
524300
133641
65281
454688
61626
63728
55438
144129
34825
33020
10760
1245
16144
401415
597456
919143
732992
523009
457391
311299
133637
264209
104912
728912
786436
172418
352354
131074
40840
40328
57354
999520
8266
1007650
35857
3661
1011968
323627
153
479408
1537
852032
595280
315646
1096
658944
262183
524
3840
591460
2268
286727
524813
524608
51201
527424
12289
134661
1007727
175631
197120
560879
206
201104
313578
16552
927237
663872
174733
44943
61955
838657
1011760
656903
722705
35048
459184
520379
36492
3540
525504
28978
102616
33074
525057
872464
197641
210688
63627
999427
174735
282866
16544
77840
172034
35066
451107
12624
33293
175629
286823
108
29042
918596
665159
278714
321760
197393
974848
143104
3328
34986
933888
1260
323626
28930
39048
409606
199425
133771
262179
729600
317450
734993
49384
1004912
57386
16393
33320
36080
523019
30481
942178
176128
12544
145152
737109
917728
983091
60072
557552
655362
561136
521011
855374
925765
33023
45208
656591
39424
593232
527876
35280
380978
36224
11848
4240
737041
67080
978656
1012224
3293
560641
992837
48905
918767
16482
69112
593228
102432
630540
872480
450603
557568
139787
403968
240
2701
997205
8448
1120
143105
35020
921089
10314
106480
524302
61488
380970
802918
590068
835586
137
39856
63752
57352
918597
3721
10309
526081
595312
595792
787541
30583
733200
524656
64265
61578
4128
242176
67992
3993
525829
43913
37420
997136
6820
593668
325647
28711
35848
4480
70128
264366
786502
213008
48896
6576
2440
53376
63503
724992
262148
49376
110608
66320
9807
389122
69632
917572
917539
663616
64393
1044483
942599
276565
21776
35849
769793
560349
418304
1000448
525550
121272
24591
525780
551
14352
174592
1600
524339
520626
917540
64440
3264
918592
79616
53248
868366
918533
250
401419
94320
53258
34831
17422
49192
2244
978447
917615
32994
983043
16424
49282
264261
28722
626732
176641
174601
6416
1011747
1408
479234
276481
29185
61680
66048
264206
869382
984128
104848
835600
55472
36076
48024
929359
1268
321696
655872
528143
786480
722432
526087
2057
114584
192000
66088
908558
475168
36863
70144
129968
525533
8704
56592
313345
174720
51455
191119
47245
315438
401921
51450
527856
1476
348658
40960
395947
626960
16427
198144
1876
36623
151552
557100
789504
393729
139779
803857
127120
53634
43784
1492
667471
55464
987904
69840
35601
1012225
198416
560382
852084
53280
2302
282658
140801
49378
290819
35977
264447
147586
729605
137732
55560
789742
786479
127160
192649
918752
487425
852998
3084
11776
4040
2992
66304
2192
83056
3
872754
278766
32988
458752
45073
524832
178945
2282
655887
561151
852086
975360
197632
400032
290851
68872
98
590336
20978
2703
16518
200449
457216
36350
264432
262190
2184
835810
151810
38924
1012227
330058
64008
597492
103
483872
35856
60075
25135
593952
20624
984560
418351
356386
47617
995600
356464
1003766
55310
590192
999679
524335
33024
172169
1296
61961
999456
526151
39824
983282
1045039
526160
999527
227073
35469
2286
527438
39064
590320
590096
67920
868390
3593
39168
974851
857360
245521
11789
262246
987472
272463
852240
188427
348592
655875
984832
63640
919136
524358
465680
725328
21894
148608
1003552
51387
905474
286763
725204
1252
1012480
241808
53288
724804
12032
43528
917600
192768
208649
525524
190991
212736
393764
131595
47881
33004
66656
984580
7428
35088
421923
61627
802822
590932
721117
323595
4336
1038
198145
255
525572
10312
134
325887
8709
487472
4256
87536
7668
352290
16571
55792
1128
418339
244633
1607
855310
724948
556
100
208913
139520
4608
664065
65296
49336
524290
155651
527596
36304
1007617
43009
626700
43200
55424
17527
5968
278542
311347
595828
327744
983109
62256
17551
421889
417792
45576
156175
943616
905456
560653
57570
393216
905472
262032
983151
918529
32
787684
43008
28704
1108
36872
192
524807
188418
459523
35000
51374
594416
57891
487424
667141
274517
528079
264356
63920
260880
868368
978432
983280
266324
525391
984837
24687
560655
459299
1007631
381424
105728
853494
175881
57379
591696
344162
655437
656704
3279
16536
45568
55552
983087
786437
325632
57857
655810
4880
984912
335938
524495
217360
993031
134784
262390
53264
2827
974882
68360
325648
199433
331952
2432
131083
75272
999471
6144
135680
983075
525508
47320
853110
195211
526196
40200
28791
238
919047
102552
17640
20784
627184
524800
75328
1028
3599
2287
869494
3141
48912
856336
348466
32785
528368
803841
933895
453280
25096
721108
905488
3845
461584
487728
63499
196480
526096
133897
383248
594256
140815
917607
319503
730688
1044976
475312
722240
983859
356624
35024
10496
459024
852224
921157
39160
786687
221697
789589
560128
39
218368
197888
520370
145153
57515
290823
3408
524524
174987
463616
143117
987140
557362
454690
356466
696320
787461
552
2235
3316
873968
463392
975363
857344
272389
39864
786467
151554
63896
1262
927247
20610
1030
983536
17638
524365
450
525924
47232
999439
35840
983041
560624
926211
852274
787556
56590
36044
139785
786438
270347
16568
29223
786516
61600
34960
336130
37048
851974
4180
184
32906
406017
999185
3312
3311
319712
242448
227072
3300
656975
200848
119280
104888
483371
37680
721680
136
520243
1009255
525059
3588
270415
25091
527565
942095
340048
1008131
557250
525520
43272
83040
803062
3528
35080
417835
37024
524368
51342
2303
262372
129808
656901
984065
73728
908798
141057
725508
178
722496
393763
36056
356658
418305
327722
327712
36848
389154
991745
835598
226064
148480
348416
51216
789588
114432
787566
525381
4176
192521
401413
722704
984917
134921
104712
925711
524354
987408
457227
82952
942082
132103
261904
53746
311472
17663
142853
991216
524289
802817
16537
52232
766464
933903
39040
663808
1003526
188939
39304
655567
523024
262154
10757
598000
33553
461755
321546
983111
190985
63504
175873
855376
33312
315566
140813
733264
528208
663621
401927
6160
313344
786534
135684
282640
36745
3336
591632
859476
1013521
663618
25099
82064
667137
258448
984071
134665
72
266404
696514
196609
786686
69520
69016
77640
121104
926208
152966
4132
2223
34987
1011763
132237
409643
525
391424
6308
258816
72176
557312
338250
59402
17526
3716
1158
665345
33539
47113
527436
313583
91744
175617
32962
524835
352352
787471
591188
528207
1797
589924
65535
524407
988528
135044
65280
453135
626720
258561
110744
520707
51434
290816
525895
525532
32943
329984
999173
39816
593236
57903
69384
262262
34826
789759
665093
557071
268452
786528
159747
1012082
119216
835618
8256
68944
929344
35055
87408
68496
722436
327786
60041
212753
2488
262398
450595
983078
524534
991234
856080
1000455
51370
721984
193033
139264
525510
35068
34992
131202
526144
3992
262159
2554
44681
458753
39832
393760
6000
90120
835616
276480
139791
266484
527615
47629
2568
65856
787568
29440
94720
41160
391600
82072
53400
721997
61992
700367
41218
999535
927311
36588
39344
282802
61618
659201
523008
856068
6544
857588
942593
4612
16431
868358
557091
55536
389168
3520
525548
483363
787527
282674
929349
905230
87440
869376
3089
135296
43659
590948
1256
33289
1860
1007719
835585
2304
11840
32920
136964
317454
664069
479232
725072
32904
36992
32989
258201
1000567
192770
597264
630028
49162
450722
64171
311330
24608
43521
453131
627152
210689
160513
52240
991237
65584
17511
975375
35852
593748
802926
733520
6784
111376
282662
24578
524752
2256
203536
630748
935151
11
1044512
597972
1003520
127528
1011751
523195
720896
989008
16623
1526
934918
10506
699905
16521
201216
43145
61874
65416
483840
6788
28688
172160
134925
61695
131213
527872
68928
524391
1003778
40336
856148
728832
61872
86048
5508
6288
2376
59529
656589
560396
987168
475314
557310
908784
53410
5504
5972
11008
2728
63498
524526
872560
397856
560366
73792
176512
656911
1007619
270341
13057
199440
942115
3213
35984
319722
986944
32777
10250
983074
16570
90664
1003634
33323
65712
557280
36621
32896
3856
196489
61583
332080
131064
16387
59407
3324
75264
8193
1101
597776
999184
853264
225792
1872
67856
730881
593676
10317
802935
527824
32930
594224
853248
560908
206337
786671
33200
211713
30465
36088
328112
3209
178701
200976
49112
11019
286762
525831
52479
3292
356656
34817
32814
332272
657157
524518
140805
942087
409632
14421
34952
127760
336
47752
464
36312
696770
140
43264
527599
49195
457376
730693
323760
393387
137860
43912
983824
786446
455171
868448
63675
524592
63489
986896
524560
852272
999431
59904
348464
114648
321706
83088
45197
70400
262151
3464
110592
527940
188419
557506
720912
195456
262394
1044978
869478
4212
525776
15
61690
32975
978433
41472
560348
3844
24623
630268
69968
66632
39164
528213
57859
128
786500
12805
12
135552
261889
127376
417803
5492
61487
20786
663810
36488
8712
921152
527566
786535
803855
335874
996096
62259
8195
17536
147201
132356
22000
105360
461579
1412
2697
102920
190987
557276
40712
63674
721933
921156
106456
55728
729040
28976
145921
1094
26215
1644
276497
787525
561104
34829
262158
53490
44552
4912
7424
987172
999664
987392
35855
16419
852222
8261
37112
983410
520963
34824
49391
934118
859632
393251
526085
132613
524295
53502
331792
557295
32910
720897
984180
786498
991488
525935
36092
393378
380976
270407
8711
160002
4432
986881
49155
413734
61457
525760
8064
39128
168
192001
193039
3406
413856
20914
198400
45057
2117
45193
311296
131458
1009152
524847
853328
70928
527373
853008
340240
528132
2061
463632
16418
64160
37360
987252
32905
722192
176009
942083
722752
41154
803943
987504
525428
803951
35274
487968
918055
983110
1792
1911
3404
192527
722005
56824
1008167
729601
64400
591424
655366
786503
925767
3823
156169
67024
524327
983044
313530
10765
853056
721421
520961
8450
104720
590924
557308
36824
454818
41475
35040
5488
344240
39096
141833
236
6276
524493
983072
37648
286826
393771
57899
352266
276496
926223
984583
4644
872450
118784
344306
3144
45192
37084
918052
102576
286755
61984
268288
262208
804095
103168
417799
696333
121096
245657
266416
527692
1013623
383408
725200
984655
992839
2442
700352
41216
389306
1856
65648
594032
94464
266480
94512
266288
175759
942176
135300
139265
311551
262318
918756
557264
663557
557612
3087
323585
262310
44553
852214
64143
47496
57578
593936
991060
524492
665152
73800
667393
370
462896
589860
16384
917732
51371
143109
68536
873744
656838
527696
196624
49295
408069
188559
52464
40956
483328
60929
264352
67144
35841
44800
17416
105736
102944
853488
591620
61056
1044496
226049
525380
525584
69808
525900
557615
47512
36336
873840
39384
524288
11784
33007
2224
52462
769
70416
409771
393231
658948
55440
129432
147471
520747
597248
53648
560576
51376
15120
467713
389370
852082
14416
908544
50
61449
65968
523025
197649
47120
262191
176141
129800
1003558
401423
872688
205568
278688
110848
339968
921088
3727
2248
395951
24587
630768
63888
286818
1012018
527580
16422
560592
868606
803042
83048
33008
71152
282736
323632
853238
332048
278545
72144
195465
12040
190977
47257
2569
200
852000
14336
209680
35337
59401
323631
560652
145157
1168
9733
991232
323834
852006
786432
856368
2065
724816
1164
802912
51336
55312
655885
68088
488195
975407
459058
37004
786658
521
16129
838673
917570
496
983344
174859
868384
348176
192143
627200
17654
16618
102704
49168
36760
51438
17415
988532
557824
102912
192514
142091
726484
803054
835634
918017
2232
6912
49040
560896
393767
55470
557262
4088
728916
8197
311470
348528
59912
595716
139783
463360
323616
86128
44544
527828
528320
786468
290935
37080
2132
919055
44809
39592
197392
656397
983140
278762
658945
63488
348192
590960
348208
278647
393222
6608
45069
348432
66568
12109
992847
2060
1013505
991247
37104
2735
118928
663565
721409
3212
458928
204544
524542
86064
524294
311467
40920
290850
65520
32908
241673
483331
992775
10761
381360
142857
459296
17417
409611
39176
2496
134025
525638
655876
835619
627232
73488
803958
22006
853246
665088
3460
65600
36480
325649
174731
323619
475137
16395
1007623
450720
90656
721921
282656
983156
323744
725076
73712
984143
142849
933890
838895
1003638
258560
487427
35500
195329
787558
156167
987680
65608
655430
986965
524326
560144
35982
458769
61826
126992
463104
3152
1000566
656384
787472
479538
278562
594192
32936
721920
282672
700175
266240
4352
732929
732941
524323
44545
199441
57472
63505
262320
1031
82024
974883
524482
192015
286735
991220
53418
321536
51210
262304
787686
139266
561116
526164
47889
1615
278529
838896
12368
935136
395776
787536
1004800
525383
59400
39056
467459
47880
1152
202128
721360
232
49407
665089
726352
344314
461744
75584
595408
56712
943631
802927
487456
457217
1025
330048
49167
172547
786546
450575
527620
983556
1007712
325802
348418
214025
401931
418343
528340
561100
835632
327680
34816
323770
983809
459264
594384
176129
133633
487459
935023
786676
43018
524844
14337
422400
984564
389376
82944
36576
69528
20976
245505
121088
802934
1045249
859396
1632
525564
65784
34944
722693
10055
20530
192512
65417
176897
527600
37120
853092
47360
2191
3280
942080
25131
525424
133632
787575
403969
2692
41090
44928
803046
513
626940
262192
656389
160
984404
198
45277
418315
454831
36800
49288
37328
984581
995584
1003890
856320
20720
132486
720973
766208
64272
16432
1044530
35496
33026
216
1048575
57346
991239
65904
196761
266276
32973
68368
52448
3816
49290
132239
993025
983079
525652
3820
525901
32898
852036
11777
334256
32938
35723
63625
917543
591172
179969
135040
16394
129296
197633
40408
104920
733701
4308
528076
